1000
2111210112221122212222222
1102211222112221122212222
2211122211221112221022222
2110221122111221122222222
2110222122221122111222122
2111021122211222211222222
2222210222111221112211222
2222222112112122111222102
2212222111211112202122222
2111121110221222212222222
2111121121211202222222222
1111122221222102222122221
1112212222122221111202222
2221122211221012222122211
2222222222211102111111222
2122221222212222111121120
2222222210222112211122111
2221122210222112221122211
2122221222212221111221102
2221122111220212222122211
2122221112211121102222222
1111120211222112222222222
2222222222222210121111111
2222222221211112211122210
1111211110222122222222222
2222122211222212101122112
1122211222212221112210222
2222222220222212111121111
1112211122111222202222222
2211121111222212221022222
1112211122112222102222222
2211122211222012222122211
1111122111220212222222222
2221121111222112221222202
1202212122111221122221222
1111211110222122222222222
2222222222102222111121111
2210121111211122222222222
2222222222211222111111102
2221222211221112221122210
2211122111222112221022222
1122221111111202222222222
2111122111221022221222222
2212211122111221012222222
2211221112222122221222110
2222222222222211011121111
2222222222211122111220111
2222212222122101221211112
2122211022111221112222222
2222222222102222111121111
2222122111221122211022122
2222211222111022212211122
2222222211222212211121011
2222222220222112122111111
2222222221122211111122210
2201122111221112222122222
2222222220212212122111111
1011111111222222222222222
2222220222112221121211112
2221222211221112211122220
1112211122210222122221222
2221122211221012222122211
2111121011222112222222222
2111122211222122210122222
1122212222111220112222122
2110222122211222112221122
1110211122112222122222222
2112121111221102222222222
2211221112212222122221102
2220221112211122112222122
2222222112220112111222112
2222211222212220112211112
2222222022111221112211122
2222222220211112121122211
2222022211221112221122211
2111121111222102222222222
1112221122111222212222022
2112211122211222112222022
2222221122221122211022111
2222222022211221111211122
1111111110222222222222222
2222222222211221110211112
2222222122221112011221112
2222222222120121111122211
1111111121222202222222222
1110211222112221122222222
2221122211222112221122102
2222222111221102211222112
1111211112021222222222222
2112221112221122212221022
2221122211221012211122222
2221122211222112220122211
2222222220221112211122111
1111121122201222212222222
2221022211222112221122211
1111211222211022212222222
2222222222022211111111122
1102221122211121122222222
2222022211222112221122111
2122221122211222111022212
2222222122111221102211122
1222212222112221110221122
2222222211211112211122022
2210222111222112221122212
1111112111220222222222222
2221022211222112221122211
2212221011222212221122211
2212222122211121011222212
2211221111210222112222222
2211122210222112222122211
2222222222122221112011111
2211022111221212212122222
2221022211222112222122111
2222221022221221112211112
2122211222112221122211022
2222221111202112211122222
2211122211221102211222222
2221122211222112211122220
2111121111222102222222222
2222222222222221011111111
2122221222112221122210112
2210211112212222122211222
2222222222111021111222112
2222222222210112111122211
2222221012221122221122111
2222222202221112211122111
2222222210111112112222122
1111121120211222222222222
2222022221222111221211112
2222222212222122101121111
2122210222212221111121222
2222210222122211111112222
2221022211222112222122111
2222211111212212122021222
1122221112101122122222222
2222222211210112221122211
2011121111222112222222222
2222222222211112211122101
2222222222222202111111111
2122221222211021112221122
2221022121221112221122221
1111211102112222222222222
2111222112221122221222210
2222122210222112211122211
2222222222222111111101221
2222122210222112222121111
2211122211222112221122220
2221022211221112222122211
2222222222211220211211111
2210122211222212221122211
2222221111211212222122210
2222211122112221112212022
2222211222111102221122221
2222022111222112221122112
2111121112201122222222222
2222122211222112221122101
2222222222122121111111022
2222122211222112221122101
2221022211222112221122211
2222211222212022111221112
2222212222111221222211110
2112121111212212222022222
2222222220222211221111111
2222222110222112211122211
2212222122221222110221111
1122221222212221110221122
2222222222111221112211102
2222222222211102112211112
2221122211222112222122101
2222222222222101111211112
2210122211222212222122111
1112211122110122222222222
2211111111222102222222222
2222222222210111111122221
2222222211211112221122210
1112211122111022222222222
2111221110111222222222222
2222221112211121110222222
1111211212212122022222222
2222222222122221111211110
2222222222222221111111110
1111221111102222222222222
2222222211221112211222110
2222222210222112111121122
2222222122221220112211111
2211022212222122111222112
2212111111221012222222222
2222122221210112221122211
2111221222210221111222222
2222121011222212221122211
2211122112221122211022222
1111211112122022222222222
2222222222222122101111111
1111212112021222212222222
1102221222112221122211222
2222212210111111122222222
2222211122011122111222222
2111122112210122221222222
2222222222211102112221111
2222212122111021122211222
2222222210221122211122111
2222222220221112211122111
2222222121221112111122220
2222222202211122211122111
2212222122221221112210112
2101122111222212222122221
2222222221221112211121021
2022221122211121122221122
2211122111222112222122220
2111111110222122222222222
2211122111221122221222202
1111212222111222012222222
2211121021211112222222222
2222221022111221111221222
2122211222112222122211102
1112211122112222102222222
2221122221222112210122112
2222220222211221112211112
2222211222112222122211110
2221022211222122211221112
2110221122212221122211222
2112211122112222122210222
1222212222122221222011111
2221122111222112221122202
2210122211222112211122222
1122212222122221102211122
2222222111221112201122221
2222222222111112011122221
2222222222222221111111110
2222222222222111011122111
0122211222111121122222222
2221222211222212101122211
1011121111222122222222222
2111121120211122222222222
2222222212221012211122111
2222222212222102211121111
2111121111201222222222222
2221011111111222222222222
2222222222201112111121122
2221122211222112221122210
2221122201222212211122211
1012221112211122212222222
1012211122112221122222222
2221122211222112221122210
2112221122111221102222222
2210122211222112221122221
2222222222222202111111111
1122211222211222101122222
2222222221211112211221012
2222222222222212011111111
1111111112222022222222222
2210122211222112211122222
2221221111211221012222222
2222222102222112211122111
2222222202222112111122111
1111122211221012222222222
1111111122012222222222222
2221121111211221022222222
2221122211222112210122221
1111111122201222222222222
2222222222222221011111111
2222222222222221011111111
1122221122211222112221022
2111222122221222211022112
2222221022112221122211112
1112211222112222122210222
0222212222112221112211122
2221022211222212211122211
2222211110221112222122221
2111122111220112222222222
2222222222220221112111111
2222212222122221111211102
2222220222211122211122111
2222222122221221111011122
2222222221222211022111111
1111211112102222222222222
2111121111212202222222222
2221122211222112221122210
1111110222111222222222222
2222222210121121111212222
2221022112221122112221122
2222222210222112211122111
2211222011222122221122211
2222221222112222110211112
1111121011222122222222222
2222222222111222112021111
2112222122221222112221110
2222222101222112211122211
2222222222221012211121111
1101121111221222222222222
2221022211222112221122211
1111102211222112222222222
2222221122221221110211122
2222222222210121111221112
2112221112212101122222222
2202211122111222212221122
2221121112221122212222102
2122221222212221110211122
2222222222110222121211111
2222022221222212111122111
2212220122111122221222112
2222222222222101122111111
2221122111222112222122210
2222222112222122101221111
2211121111222212221022222
2222220222111122111221122
2222122211220212212122111
2222222210221122211122111
1011121122211222122222222
2222221122221202211122111
2222222210222212111122111
2221122211222112221122210
1112210122111222212222222
2222221222212221112211110
2211121110221122221222222
2221122221222212210122111
2101122211222112221122222
2212221111211112022222222
1022211122112221222211222
1112211122112221022222222
2222222122221222011121111
2210122211221112221122222
2222221011222112221122211
2222222212221112211122110
2222202222122221211211111
2221122211222112221122210
1111111222212222122220222
2222222220211112111122221
2221122201222112221122211
2122211112111021222222222
2222222222222221110111111
2211122011222212221122221
2221222212221112221122101
2212222122211222111221102
1112211122111022222222222
1222212222120221112211122
1111211122110222222222222
2222211022112221122211122
2222222222211012111122211
2222221222212221110221111
2222222202221112111122211
2222222222210122111221111
2110211111112222222222222
2210222212111122111222222
2222222122221111011221122
2222222222222111111111220
2211222102221122211122212
2221122211222122221221011
2222122221222212221110111
2222222112211122211221012
1211211102112221222222222
2111211112211222202222222
2222222211210112211122221
2101122112221222111222222
2211121111202112222222222
2111121111222102222222222
1111111112202222222222222
2220222212111122221122211
2102221112221122112222122
1122211222112221122210222
2221122211211112102222222
2222122211222112101122221
2112222110222112221122221
1222111111211202222222222
1011111111222222222222222
2211222112211121122220222
2222222222202211111122111
2221122211221012221122221
1112211222112221122220222
2112011111112222222222222
2211122211211112202222222
2211022211222112222122211
2222221222211221112211102
2222022121221112211222112
2221122110211112212222222
2222021111221222211222112
2212122111210112221222222
2222022211222212211122111
1111211110122222222222222
1111111101222222222222222
2111220111211122222222222
2111122211222112221022222
2222221102111221111222222
2222122221221112112222110
2222222222012221111121121
2222222221221112111122012
1011211112211222222222222
2222222221210112211122211
2221121110211112222222222
2222211222212221111011222
2221122211222112220122211
2222222222221021111211112
2222222222211221102211111
2221122211222212210122211
2221222211222112222121011
2211222111221112222122220
1102211222212221122211222
2220222112211122211122221
2211122101222212222122211
2222222222122021111211112
2211121011211222212222222
2222222222221221111011112
2221122101222212221122211
2222222222210222211111111
2111121211222112222022222
2110121111222112222222222
2222221122211221110211222
2222222222112221111212110
2211122111210112222222222
2211121011221112222222222
2222022221122111111222122
2222222222022221112111111
2112211122221222210222112
2222222211220212211122111
2211222212222122221211110
2222222222221112211121110
2220222212222122211121111
2222211222112221112211022
1112212222112221102221222
2222202222122211222111111
2111121111102222222222222
1111022111211222222222222
0211211112211222122222222
2222221222110221222211111
2222211112012221111222222
1221011112111222222222222
2222122221222212221110111
2222222222111021112211122
2222222210221112221122111
2222022111221112221122221
2222022221222112211122111
2222222202221121111221112
2221022211221122212211122
2221122211111112022222222
2221022221222112211122211
2111121122111222022222222
2211122111220212222122221
2221121121221112222122220
2222211222110221112211222
2221122211222012221122211
2222022111211221122211222
2211122112221022212221122
2222222222212121011122111
2222211022111121211222222
1111211122110222222222222
2111211102211222212222222
1111211102212222122222222
2220122211222112221122211
2221122111222212220122211
1111121111222202222222222
0222211222112221122211122
1222211222120221112211222
2222222222111021222211111
2211122111220112221222222
2222222222022221112111111
2222122211221112101122222
1112211122211222102222222
2221122221221112211122022
1112211110221122222222222
2222211222111021112212222
2222222101222112221122111
1111111210212222222222222
1111212122102221122222222
2222222222112221122011111
2222122111222112220122211
2222222222221021112211111
2210122221222112222122111
2222222222222211121011111
2211222101221112222122221
2222222222211221111201112
2211022111222112222122221
2222222122221112211122011
2122221222211221112210122
2211122221222212210122211
1112211110222112222222222
2211122211222112210122222
2112221022111112122222222
2222222222202211121121111
2211022111221112221222222
2211122011222112221122222
2221022211222112221122211
2222211112111121022222222
2222222110222112221122111
2111122021222212222122211
2111221111211202222222222
1102211122111222212222222
2222211110122221122211222
2022211222122221112211122
2222221011221122211222112
2112211102111122222222222
1111122221222212222122210
2222222222222221110111111
2222222112222112101122211
0222211222112221122211122
1110211122212222122221222
1111111112202222222222222
2211022111221222211222212
1102211222112221122212222
2222222112221122211122110
2222211222212222110211112
2222211222111221102211222
2222222102221122211221111
2221122211222012221122211
2111211122211222102222222
1111011112222122222222222
2210221111211222112222222
2101122111222112221222222
2222221122221222211121110
2221022221222112211122211
2222222222222102211111111
2111122111210122222222222
2222222222210222111211111
2111221112221122210222222
2221222111220112221122212
2222222222222221111111101
2222222112220121111222112
2221122211222112222122101
2222222122211222211021111
2222022221221112221122111
2222222222022111221211111
2221022111221112221122222
2222122221220212211122111
0222212222111221112221122
1111111221102222222222222
1011211112112222222222222
2210122211211112222122222
1122211110111222222222222
2222122111222102221122211
2211122211222112221222102
1122211220111112222222222
2222222202111121112221122
1111111112222022222222222
2222222111222112211222110
1120221112221122112222222
2210122221222112221122211
2221122211222112220122211
1122021111221212222122222
2211122211222122221222110
1022211222112221122211222
2222222222111101111122222
2222222111221112111222202
2212022121221112221122221
2111121111221202222222222
2211222211221112212122022
1112211222112222122210222
2222222011211112211222122
2222222220221112211122111
2111122021222112221122222
2222221012222112211121122
2222222212221112211122011
2222212122111221122211022
2221122211221112222122210
2221022211222212211122211
2210122111222122211222212
2211122211222212220122211
2222222110111112112222222
2222221102211221122221112
2222222102221222211121111
2222222222210212112121111
2221222211221012211122221
2222221112111121210222222
2222222122221112211122101
2222221222111221102211122
1011211112221122222222222
1111122111221202222222222
1112211222211222112222022
2221122111221112212222022
1122221222112222122211102
2222222222222102111121111
2222222222222211011121111
2211221011221112222122222
2221122111221112210222222
1111112211222212222022222
2222222222211112121120211
2111120111221122222222222
2221122221222112221122101
2221222212222112111120221
1011121121221222212222222
2122211022112221122211222
2222022111222112221122211
2222222222222221111011111
2111122111221102222222222
2222222222222211011121111
2221122111222112221122220
2211122211222112222122210
2222211122211202111122222
2022221111112221122221222
2222222222122211111111220
2222222222210222111121111
2222122111222112221122210
2222222222211221111022111
2222221022211222111121221
2211222112222122221122101
1112211122102221122222222
1111111212210222222222222
2221022121221212211122221
2221122211222112211222210
2221122210222112221122112
2222210222111121112212222
2222222122121221110211122
1111112222112221022222222
2222222222211212211121011
2222222222222221111111110
2222222222222122101111111
2222222222222221111011111
2222222222111021112211122
2222222202111121122211122
1112211122111222202222222
2111122211222112221022222
2111211111012222222222222
2211122111221012222122222
2222222211221112101222112
2221122111222102222122211
2221122011221112221122222
2210122211222112222122211
2122221122212102111222212
2210122111222112221122222
2222222101222112211122211
2222220222211121112222111
2102211122111222122221222
1122211222111222122221022
1111111122102222222222222
1102211222212221122211222
2222222110221112211122122
2222212222101221112211122
2222222212221112221121011
1111211122101222222222222
2221022111221112221222212
1022211112221122211222222
2211222111221122211022222
2112221122111222110222222
1222011221111112222222222
2111111111022222222222222
2210211112112221122222222
2221122221222212222110111
1110211222212221122221222
2222221222211112211022112
2222122211210112211122222
1111110111222222222222222
1112212222111022112222222
1222211111022212222122221
2211022212222112221122211
2221022111221112222122221
2022221222112221112211122
2222221111212222111222210
1111120111221222222222222
2222222210221112211122211
2222222222102211222111111
2222222222211022111211112
2222221111211112122220222
2220222112221122111222112
2201121111221112222222222
2222222220221112211122111
2222222101222112211122211
1111111101222222222222222
2221122011221112221122222
2222222221221112101122211
2211121111212222102222222
2111111111222202222222222
2111121111222102222222222
2112221122211221012221222
2122221122111021212212222
2222222122111221111012222
2210122111221112212222222
2222222221202112111121221
2221122201222112211122221
2222222222222201111121111
2202222111222112221122211
1012211122211112222222222
2111021112112222122222222
2222222222211121111221102
2222222222112021111212112
2222222220221112111122211
2221122111211222102222122
2221022221222112221122111
2021221111222212221122221
2222222222221022121111111
2211222112222112221122210
2222222222212121111110212
1111212122112221022222222
2222221022211122221122111
2211122211222112222122210
2222222122111121122211022
2122221112211122221122220
2222022211222112221122111
2222211222112221122221110
2222222222222112011121111
2111121111222102222222222
1111111210122222222222222
2222222222210212122111111
2222222222221111112011122
2222222220222212211111111
1111212112122122220222222
1122211222112222122221102
2211122211222212221122201
2222222222222201111111121
2111121111222212222022222
1202211122111221212222222
2221122211222212222121011
2111121121102212222222222
1111111110222222222222222
2222222222222101221111111
2222022211222112221122111
2211122111211122220222222
2222222212222111111122102
2222222222112221122011111
2222222222111221122021111
2211120111211212222222222
2210122111222112221122222
2222222120221112221122111
2222111111122212221022222
2222222012221122111211122
1122201112111222212222222
1112211112122102222222222
1111111220112222222222222
2222211122211221122211022
2022211222111122111222222
2210122211222112221122221
2210122211222112221122212
2222211022112221122211122
2211211112112221022222222
2222222211222012211111122
2222222222221122011121111
1111120111222122222222222
2211022211221112221122222
2112221111221012221222222
2221122201222112221122211
2222222212111102111122222
2221122211221112202122221
2101122111221112222222222
2222221222211111111220222
2222210222211222111122211
1022211222112221122211222
2222221122211222101122211
2111121221212212122022222
2221120211211112212222222
2221222212222120211211112
2222222111111110222122222
2221121111221222101222222
1111102211222122221222222
2111122111220212222122222
2112221122221222110222112
2210122211222112222122211
2122211222110221122211222
2220222211211112211222212
2122221112211112222122220
2222211111212222122221102
2211122111222112221022222
1011121112211222222222222
2221122211221112221122220
2022221222111112211122222
2222222222211112211122110
2212222122221221211211102
1111102111222212222222222
1222211222112202111122222
1111112221112222022222222
1111122211222212221022222
2222222222221120211211111
2221222212210112221122211
2222122221222112211122101
2222210122111112221222212
2222211222111221112221022
2211122111211012222222222
1210111112222122221222222
1110211122112221222222222
2122211222212222111210122
2222222221222112101122111
2222222212211121111222102
1112212122111120222222222
2221122221221112222122101
2022221122221111112212222
1111011212212122222222222
2011111111221222222222222
2222222222202121121121111
1122211222112221222211022
1110221122211222112222222
2222221212211112220122211
2221122101222112221122212
2111120111211222222222222
2222222022211222211121111
2111110111222212222222222
2222222222212221121111110
2222222220222211111122111
2220122211222112221122211
2011121111222212222122222
2112222122221122110211222
2111122111222212221022222
2211222112222122221021112
1011121111212222222222222
1012121111222112222222222
2211121111222112222022222
1222211222110221122211222
2222211111212201122221222
2222222222221112121011112
2222222212211111011122222
2211122211221112221022222
1111211202111222222222222
2222222222222221110111111
2012211122111112222222222
1111111220112222222222222
2222222221210112211122211
2222212112111121122202222
2022211222112221122211122
2101122111222112222122222
2210222112211221112212222
2122111111211202222222222
2222222210222112221121111
2211122111222112222122220
2222222222222221111011111
2211122111222112222122220
1111121122211222202222222
2222222222211222111111012
2211122122111222112222022
2211122211222212221122210
2222021111111112222222222
2222221111110222122211222
2222222112111112110222222
2222221222211111011122222
2112211111122212222022222
1111122101222112222222222
2222212222121121210211122
2101121111222112222222222
2212221112211122211222202
1111211222112222102222222
1112210112211122222222222
2221022111222122221221112
2111211111122202222222222
2222121111221112221022222
2210222112211222111122222
2122211111110221222222222
2211122101222112221122222
2221221112211122211222202
2211122111221212221022222
2222211022111222112222112
2101122111211212222222222
1111221112212222122220222
2222122221210112221122211
2210122211221112222122221
1011122211222112222122222
2222222212221112201122111
2222222022111221112211122
2111221122111222122220222
2222222222222112112110111
2122211222112221122211022
2111122122221222101122222
2210122212111121122222222
2222210112221122212221112
1111112220112221222222222
1011121222112221122222222
2221021211211122112222222
1111102121222112222222222
2221122211222112210122221
2212221112222112220122211
2222211022122221112211122
2222222122111021112211222
2022221122212222122211111
1102221122211122122221222
2222222222211022111211112
2222221022212221111122211
2222222222221221111011112
2222222111222102211222111
2211211102122221112222222
1222211222112221112210222
2222211111111202212222222
2222222122221222112011111
2111120111221122222222222
1112221112211102222222222
2222222222022221111121111
2222222222211220211111112
2222220222112221121211112
1111011122122221222222222
2111120111222122221222222
2222222212211112101122212
2221122211221112222122210
2111221122101122122222222
2222222202211122111121122
2222222222220221112111111
2221022211222112221122211
1111111022112222222222222
1110222122221222211221122
2210122221222112211122221
2211122111221122210222222
2211111111212222022222222
2111121111221202222222222
2222221110211112221222212
2222222222201222111121111
2222222222221021111211112
1012222122111221112222222
2222210222112221112211122
1122221111211102222222222
2222222222221221110211111
2212222111211112102222222
2222222222221212211110111
2222222222222101111111212
2222122111221112212122220
2222222222221221112110111
2221122211222112211122220
2222222221222212111121110
1112221122221222212222110
2211121111211022222222222
2221122211222212211122210
2222222222221112211121110
2222222212212122111121021
2221122110221112211222222
2222222222211111102211122
2221022211222112221122211
2211122111221112222022222
2221122211222012221122211
2222222222101221111211122
2112221122211222112210222
2222222222221121111011122
2212211122111101222222222
1111112221221012222222222
1111111211202222222222222
1111111110222222222222222
2220211112111121222222222
1122221122211221012222122
2220222211222112211122211
2122211112111102222222222
1111121211102222222222222
2222222211211101111222222
2222222222202221121111111
2211122111221112202222222
2210211112222112211222222
2221022221211112111222222
1011121111222122222222222
1112211102112221222222222
1112211110112222222222222
2221122111222112222122210
1022221122211222112221122
2222222222112221110211112
1112211112122122220222222
2211110111211222222222222
1112210222122221122211222
1111122211222122210222222
0222212222112221122211112
2111122212222122210122221
2222122211221212111122220
2222222222011121111211222
2102222112221122111222212
2222122221222112221121011
2221122021221111112222222
2111121122201222212222122
2122221222210222112221111
2222210112211112122221222
2222211222112221112210122
2221122211222212202122111
2211121111211222202222222
1122221202211121112222222
2222222221222112221011111
2222122221221112111022122
2222222220222112221111111
2222122211222212211122101
2222122210111112211222222
2222221222211101112211222
2222222211222112221121110
2222222222210112211122111
2222222222222211121011111
2211122121221112212222022
2221122111222112220122221
1011111112212222222222222
1110211122122221222212222
2222211110112121221222222
2222221110221112211122222
2222221222212220111211112
1111121222211221022222222
2222222212222122111021111
1021121111212212222222222
0222211222112221111122222
2222222220222212111121111
2222222211222212021121111
2222221211211112201122222
2222222122221121011221112
1111122221222212221122220
2221122211222112221122210
2221122111222212222122101
2222222122211222112211110
2222210222112221112211122
2222222222211221110211112
2122221111201112212222222
2222222210221112211221112
2222222222211111111022122
2221122111221112202122222
2221022221222212211122111
1111011112222122222222222
2212222112111222112222102
2222222222102221122111111
2222211222111110112222222
2222022221221112111222112
2222211122111221202211222
2211122111221112202222222
2112121111222112222022222
2211122111221112202222222
2211122111222112221022222
2222211022111221122211222
2222022221222212211121111
2222222211222212201121111
2122211222111222112210222
2222210222112221112211122
1110221122111122222222222
